0 0
1 0
2 0
3 0
4 0
5 0
7 0
8 0
13 0
18 0
22 0
36 0
45 0
53 0
59 0
1 1
2 1
3 1
5 1
10 1
13 1
16 1
18 1
25 1
32 1
36 1
47 1
57 1
0 2
2 2
7 2
10 2
18 2
20 2
22 2
27 2
29 2
35 2
47 2
55 2
0 3
2 3
4 3
8 3
11 3
12 3
14 3
15 3
19 3
22 3
29 3
38 3
46 3
0 4
1 4
4 4
5 4
7 4
9 4
15 4
21 4
30 4
41 4
55 4
2 5
3 5
14 5
17 5
23 5
32 5
39 5
49 5
7 6
8 6
11 6
16 6
20 6
25 6
27 6
32 6
40 6
45 6
57 6
1 7
2 7
3 7
4 7
7 7
21 7
29 7
37 7
49 7
11 8
19 8
25 8
31 8
38 8
51 8
3 9
9 9
21 9
24 9
29 9
35 9
46 9
56 9
3 10
5 10
7 10
10 10
25 10
48 10
2 11
5 11
9 11
12 11
17 11
26 11
31 11
55 11
0 12
1 12
6 12
8 12
12 12
18 12
32 12
41 12
51 12
2 13
4 13
5 13
14 13
27 13
30 13
38 13
47 13
58 13
59 13
3 14
7 14
9 14
23 14
41 14
56 14
16 15
19 15
21 15
28 15
35 15
47 15
55 15
0 16
1 16
8 16
21 16
26 16
35 16
50 16
2 17
31 17
42 17
51 17
1 18
3 18
4 18
15 18
23 18
36 18
53 18
10 19
18 19
24 19
26 19
55 19
0 20
1 20
3 20
4 20
11 20
18 20
25 20
39 20
49 20
5 21
10 21
11 21
15 21
28 21
29 21
35 21
37 21
46 21
0 22
6 22
9 22
27 22
48 22
59 22
1 23
2 23
7 23
16 23
17 23
38 23
47 23
57 23
12 24
13 24
35 24
46 24
5 25
44 25
58 25
8 26
10 26
21 26
4 27
26 27
33 27
41 27
52 27
1 28
3 28
7 28
14 28
34 28
46 28
0 29
22 29
41 29
2 30
11 30
32 30
40 30
49 30
9 31
10 31
13 31
23 31
36 31
40 31
43 31
49 31
5 32
6 32
28 32
52 32
3 33
8 33
17 33
19 33
21 33
12 34
15 34
24 35
29 35
39 35
42 35
0 36
14 36
22 36
23 36
25 36
48 36
53 36
1 37
2 37
4 37
7 37
37 37
30 38
46 38
59 38
9 39
11 39
50 39
0 40
3 40
10 40
21 40
37 40
25 41
54 41
55 41
5 42
7 42
28 42
44 42
48 42
2 43
8 43
20 43
43 43
49 43
51 43
13 44
15 44
16 44
17 44
1 45
19 45
27 45
34 45
18 46
28 46
41 46
59 46
6 47
10 47
23 47
37 47
58 47
4 48
9 48
22 48
32 48
42 48
29 49
0 50
5 50
14 50
28 50
39 50
52 50
3 51
30 51
50 51
8 52
18 52
20 52
1 53
2 53
6 53
11 53
31 53
49 53
57 53
12 54
35 54
46 54
21 55
7 56
17 56
27 56
41 56
26 57
40 57
43 57
0 58
4 58
16 58
34 58
47 58
55 58
5 59
13 59
23 59
25 59
59 59