0 0
1 0
2 0
5 0
6 0
7 0
9 0
10 0
13 0
14 0
15 0
16 0
19 0
22 0
25 0
27 0
32 0
35 0
38 0
44 0
50 0
56 0
0 1
1 1
2 1
4 1
6 1
8 1
9 1
11 1
13 1
14 1
16 1
20 1
22 1
26 1
29 1
33 1
36 1
43 1
49 1
52 1
57 1
0 2
3 2
4 2
6 2
7 2
9 2
10 2
12 2
14 2
17 2
18 2
20 2
22 2
25 2
28 2
32 2
38 2
43 2
52 2
0 3
2 3
4 3
5 3
8 3
12 3
13 3
14 3
19 3
22 3
23 3
27 3
29 3
32 3
36 3
40 3
43 3
46 3
50 3
55 3
59 3
0 4
1 4
2 4
3 4
4 4
9 4
11 4
13 4
16 4
17 4
19 4
21 4
26 4
30 4
31 4
33 4
37 4
44 4
50 4
55 4
58 4
2 5
4 5
10 5
13 5
16 5
17 5
18 5
23 5
26 5
28 5
30 5
33 5
36 5
42 5
48 5
51 5
55 5
59 5
0 6
1 6
3 6
4 6
5 6
7 6
10 6
12 6
15 6
18 6
21 6
23 6
25 6
30 6
35 6
41 6
45 6
50 6
58 6
0 7
1 7
5 7
6 7
8 7
9 7
13 7
16 7
21 7
25 7
29 7
35 7
41 7
43 7
51 7
55 7
0 8
2 8
3 8
4 8
5 8
14 8
17 8
21 8
22 8
27 8
32 8
40 8
43 8
49 8
57 8
1 9
3 9
5 9
10 9
11 9
18 9
23 9
28 9
34 9
39 9
43 9
47 9
54 9
0 10
4 10
6 10
8 10
13 10
16 10
18 10
19 10
24 10
27 10
30 10
35 10
40 10
45 10
52 10
59 10
1 11
3 11
4 11
10 11
12 11
20 11
24 11
27 11
31 11
34 11
36 11
39 11
41 11
49 11
53 11
2 12
3 12
8 12
11 12
13 12
17 12
18 12
21 12
27 12
33 12
35 12
40 12
49 12
54 12
58 12
1 13
2 13
4 13
6 13
7 13
11 13
16 13
17 13
18 13
21 13
25 13
30 13
32 13
39 13
43 13
48 13
53 13
59 13
0 14
13 14
16 14
24 14
26 14
28 14
30 14
35 14
38 14
42 14
46 14
52 14
1 15
2 15
3 15
4 15
5 15
7 15
8 15
13 15
21 15
24 15
30 15
36 15
42 15
46 15
51 15
57 15
0 16
4 16
8 16
12 16
15 16
18 16
20 16
28 16
35 16
37 16
42 16
50 16
59 16
1 17
3 17
6 17
11 17
13 17
14 17
17 17
23 17
27 17
30 17
34 17
37 17
41 17
50 17
56 17
2 18
5 18
7 18
12 18
19 18
23 18
27 18
35 18
42 18
49 18
59 18
6 19
8 19
9 19
10 19
13 19
27 19
33 19
39 19
44 19
51 19
58 19
1 20
3 20
4 20
11 20
16 20
23 20
24 20
28 20
31 20
34 20
39 20
44 20
54 20
0 21
9 21
10 21
12 21
15 21
23 21
32 21
37 21
45 21
52 21
55 21
1 22
2 22
3 22
5 22
8 22
11 22
13 22
25 22
26 22
27 22
35 22
38 22
44 22
52 22
56 22
0 23
4 23
6 23
26 23
29 23
35 23
38 23
46 23
56 23
3 24
5 24
9 24
10 24
11 24
12 24
14 24
20 24
38 24
45 24
51 24
0 25
2 25
7 25
13 25
15 25
16 25
17 25
22 25
28 25
29 25
37 25
39 25
45 25
53 25
1 26
3 26
4 26
6 26
7 26
8 26
15 26
17 26
18 26
26 26
31 26
36 26
41 26
45 26
52 26
0 27
2 27
9 27
10 27
33 27
42 27
55 27
5 28
6 28
8 28
11 28
12 28
13 28
19 28
31 28
32 28
42 28
51 28
57 28
3 29
8 29
14 29
17 29
20 29
26 29
42 29
50 29
59 29
4 30
7 30
16 30
18 30
24 30
34 30
39 30
49 30
57 30
5 31
11 31
15 31
22 31
25 31
29 31
37 31
42 31
46 31
54 31
0 32
6 32
8 32
11 32
15 32
24 32
30 32
41 32
42 32
47 32
56 32
3 33
10 33
13 33
19 33
21 33
50 33
1 34
2 34
12 34
14 34
22 34
29 34
46 34
48 34
49 34
58 34
0 35
4 35
16 35
17 35
18 35
26 35
29 35
31 35
36 35
53 35
5 36
6 36
7 36
8 36
10 36
15 36
21 36
22 36
29 36
36 36
44 36
47 36
52 36
59 36
1 37
3 37
9 37
11 37
14 37
24 37
25 37
28 37
30 37
31 37
33 37
36 37
57 37
0 38
17 38
35 38
36 38
39 38
43 38
51 38
59 38
4 39
20 39
22 39
32 39
35 39
46 39
49 39
52 39
57 39
5 40
7 40
9 40
12 40
13 40
14 40
18 40
28 40
33 40
39 40
43 40
46 40
54 40
59 40
2 41
8 41
15 41
19 41
21 41
26 41
27 41
32 41
36 41
45 41
47 41
55 41
0 42
3 42
4 42
6 42
7 42
11 42
22 42
23 42
24 42
37 42
52 42
10 43
20 43
43 43
48 43
55 43
1 44
9 44
16 44
21 44
25 44
34 44
36 44
44 44
50 44
4 45
5 45
11 45
41 45
49 45
3 46
8 46
15 46
18 46
24 46
31 46
32 46
35 46
39 46
45 46
53 46
7 47
10 47
16 47
19 47
23 47
27 47
30 47
33 47
36 47
38 47
50 47
1 48
9 48
11 48
12 48
13 48
14 48
22 48
26 48
40 48
43 48
47 48
53 48
0 49
2 49
6 49
17 49
21 49
28 49
29 49
39 49
4 50
18 50
20 50
3 51
5 51
10 51
29 51
31 51
42 51
1 52
13 52
16 52
19 52
24 52
26 52
34 52
44 52
52 52
7 53
11 53
15 53
23 53
27 53
47 53
0 54
2 54
4 54
6 54
28 54
30 54
36 54
38 54
39 54
49 54
57 54
58 54
8 55
9 55
21 55
25 55
29 55
35 55
1 56
5 56
11 56
12 56
16 56
17 56
20 56
37 56
43 56
44 56
47 56
3 57
14 57
19 57
22 57
30 57
45 57
49 57
58 57
5 58
7 58
8 58
10 58
26 58
27 58
34 58
40 58
42 58
48 58
50 58
4 59
15 59
18 59
29 59
32 59
33 59
51 59

